2.9
19.6
-10.2
-5.0
-3.2
6.0
2.4
1.2
4.1
17.8
3.1
-0.5
-0.5
0.2
5.2
8.6
11.4
-6.4
-3.1
2.1
-8.4
20.2
-9.7
5.7
8.3
-1.6
-2.7
10.2
-6.3
5.4
-1.1
4.1
-0.5
-4.7
-8.2
-5.2
2.9
-5.0
-7.8
5.6
27.3
27.2
-8.5
-2.2
4.0
16.6
3.3
-0.7
-3.1
-0.4
21.5
6.5
8.9
3.3
4.8
-5.7
4.0
-5.2
-4.9
12.4
13.0
1.4
-0.1
-1.5
-6.0
13.9
-3.8
-0.3
1.2
21.5
-7.4
-1.6
-4.6
20.5
-1.6
4.8
11.0
-7.2
12.2
24.0
7.8
-1.7
6.7
15.1
-7.3
-0.4
-13.7
-2.8
9.5
7.5
-6.2
0.0
4.0
4.3
-4.8
-7.2
19.4
-6.7
-6.3
17.8
12.9
-7.0
3.5
-1.5
16.8
-9.7
3.8
-2.7
9.6
1.0
5.6
15.0
0.3
4.9
-1.7
0.0
4.5
4.1
3.5
21.1
-5.8
8.9
9.5
1.1
14.9
1.0
24.7
28.4
11.6
11.4
13.8
19.7
8.6
9.8
4.9
9.6
7.1
3.7
1.7
14.1
3.6
0.3
9.7
11.3
10.0
11.3
10.7
9.8
-15.5
-27.4
-12.8
-35.5
-34.4
-17.5
21.7
10.2
0.5
13.7
9.7
-19.5
9.1
-42.7
-2.9
-51.6
10.2
3.5
-5.9
9.9
8.2
7.7
-10.1
15.0
-9.2
10.0
19.4
10.2
8.7
-12.3
-15.4
-11.2
2.8
3.6
-3.2
3.6
2.6
14.4
10.9
19.8
0.8
-5.0
6.6
1.6
5.5
8.0
1.2
0.5
7.9
1.5
-3.1
6.5
4.3
0.4
9.6
-2.1
6.8
9.2
20.1
26.1
9.1
26.2
9.5
8.4
-2.3
7.2
2.0
4.8
7.4
-0.3
11.7
-14.2
9.9
-15.3
7.5
-8.8
1.0
-15.0
17.2
15.6
19.0
-8.4
10.7
35.9
40.1
61.7
-19.6
3.5
49.9
1.3
17.8
65.3
-10.4
112.6
-14.4
113.3
115.5
-13.0
14.2
75.9
109.3
-10.5
81.9
21.2
35.7
11.9
74.7
74.3
29.4
73.6
45.9
108.0
46.3
-16.3
42.3
-11.8
15.3
82.1
16.6
118.4
129.1
-12.7
-16.2
37.6
8.9
20.3
57.5
-3.8
-11.4
11.9
39.0
11.4
16.9
4.1
31.9
34.7
20.3
9.7
-4.2
-10.7
-3.6
-11.4
30.8
-19.5
-16.3
10.4
-17.4
-6.5
34.1
-16.6
64.9
28.2
40.0
-13.9
15.1
10.2
3.5
-17.8
-15.1
-10.1
13.5
29.3
-4.3
73.4
-17.4
-14.9
-18.2
10.2
-12.1
-7.1
12.3
56.9
23.4
66.4
6.6
46.8
-1.8
10.0
63.1
-6.2
10.6
11.5
48.0
-11.1
8.1
12.7
7.7
5.8
9.7
6.4
5.3
7.3
8.4
11.6
5.0
-15.5
47.4
6.2
5.3
11.7
7.8
8.0
11.3
5.1
6.8
56.1
-6.0
8.8
-9.7
23.9
-0.9
17.1
-8.5
-6.3
12.9
7.5
12.5
-12.5
5.7
13.9
7.6
5.6
-8.7
25.9
12.7
10.3
10.5
28.9
16.7
1.7
23.6
13.3
-10.9
5.5
11.8
30.1
-13.4
24.6
14.2
15.6
30.4
19.4
23.1
21.0
11.0
8.5
1.4
14.7
4.9
9.5
16.0
25.9
28.5
23.1
10.9
18.2
9.6
19.9
22.0
22.9
24.9
5.8
14.8
6.5
5.4
27.0
24.1
14.4
28.2
61.5
33.8
32.4
13.7
11.8
18.4
28.4
1.7
14.9
14.5
24.4
20.7
3.8
16.3
22.1
22.0
41.0
16.9
42.7
38.4
19.7
10.7
22.1
22.2
13.8
46.5
20.6
26.9
10.6
24.5
21.4
19.8
22.0
48.1
21.9
15.4
19.3
1.1
-9.4
24.3
16.3
25.1
-13.9
18.8
18.5
128.9
-3.0
-13.5
19.9
29.9
17.4
22.9
21.1
-13.5
19.2
-12.4
21.3
15.1
-14.2
-5.3
-13.9
12.0
-15.3
-12.4
16.8
53.5
61.8
51.5
13.1
62.8
11.6
51.0
18.4
25.2
13.0
12.5
13.9
14.7
32.5
11.8
-14.7
14.6
39.0
15.6
57.4
16.0
8.7
22.1
22.3
51.6
-14.5
23.1
16.7
18.8
16.0
13.8
9.5
17.2
16.1
17.1
53.4
18.8
0.5
57.2
15.2
20.2
45.5
13.9
13.4
25.7
15.6
18.3
15.9
22.4
16.9
25.3
35.2
43.4
13.5
15.4
35.4
29.9
16.0
42.0
63.5
21.5
79.2
64.0
8.4
15.1
17.9
-14.1
19.3
17.0
65.8
18.6
23.2
20.9
18.3
18.8
19.7
18.7
33.4
11.8
19.6
58.5
50.3
10.7
20.2
12.6
12.8
9.2
13.6
12.8
30.5
64.4
18.7
17.7
-8.3
15.2
29.4
18.0
8.9
13.0
16.3
124.3
22.4
16.4
13.0
15.4
20.9
11.8
9.2
8.0
12.9
14.0
30.0
16.9
12.3
7.3
20.0
15.2
21.3
20.5
19.3
19.2
46.5
-15.8
18.9
16.7
17.0
15.6
30.5
-15.7
11.7
21.2
-1.9
22.8
24.8
14.2
20.2
-14.7
7.5
15.6
5.3
5.6
7.1
20.9
-15.1
9.2
-1.1
5.9
6.8
-16.8
-15.3
30.5
46.7
0.1
9.0
-15.4
-14.4
32.3
-14.9
32.1
-9.3
6.5
-4.8
41.6
18.3
0.9
39.6
-15.8
3.3
16.5
6.6
9.8
20.8
17.9
17.9
4.5
10.5
41.3
27.1
44.9
18.5
-16.0
19.4
20.3
13.2
48.4
12.1
38.2
11.0
44.9
-16.6
41.7
9.0
19.3
16.3
18.3
14.2
10.0
17.9
39.9
22.4
-18.6
-17.2
-15.3
-7.1
14.2
17.7
19.2
18.0
4.5
18.5
19.5
34.1
10.9
28.7
51.0
45.0
-16.1
15.8
-2.2
15.5
18.8
19.2
43.1
41.8
19.3
20.1
12.9
44.5
20.0
20.3
16.5
46.3
16.1
16.0
19.1
30.0
9.8
16.3
15.5
17.9
19.1
20.9
18.6
45.1
19.8
58.6
47.5
20.5
56.9
19.2
19.7
17.3
44.5
59.5
17.3
43.1
20.0
47.5
19.8
17.1
20.0
13.8
48.2
56.5
-12.5
45.9
17.6
17.8
